Curveplot
LS-DYNA keyword deck by LS-PrePost
Time
X-displacement
Node no.
38392 #pts=302
* Minval=    -6.8195843697e+00 at time=        13.1999979019
* Maxval=     9.1190042496e+00 at time=         8.7999944687
    0.0000000000e+00    0.0000000000e+00
    9.9993146956e-02    7.6113149524e-02
    1.9999520481e-01    8.0158777535e-02
    2.9999727011e-01    7.8464344144e-02
    3.9999932051e-01    4.3283030391e-02
    4.9999216199e-01    6.2008824199e-02
    5.9999418259e-01    9.4849109650e-02
    6.9999623299e-01   -5.0165258348e-02
    7.9999834299e-01    1.8197917938e-01
    8.9999115467e-01    2.5719112158e-01
    9.9999320507e-01   -6.0004327446e-02
    1.0999952555e+00    1.2579184771e-01
    1.1999973059e+00    3.3083516359e-01
    1.2999993563e+00   -1.7418880761e-01
    1.3999921083e+00   -1.7932544649e-01
    1.4999941587e+00    2.7967292070e-01
    1.5999962091e+00    1.8484418094e-01
    1.6999982595e+00    3.4632839262e-02
    1.7999911308e+00    3.5857418180e-01
    1.8999931812e+00   -1.1476684362e-02
    1.9999952316e+00   -3.6789271235e-01
    2.0999972820e+00    3.1237450242e-01
    2.1999993324e+00   -1.0084031522e-01
    2.2999920845e+00   -3.0596610904e-01
    2.3999941349e+00    2.6190736890e-01
    2.4999961853e+00    5.4107058048e-01
    2.5999979973e+00    1.7191404104e-01
    2.6999909878e+00   -2.7604848146e-01
    2.7999930382e+00    1.1146086268e-02
    2.8999950886e+00   -2.4811945856e-01
    2.9999969006e+00    6.2062674761e-01
    3.0999989510e+00   -9.1718114913e-02
    3.1999919415e+00   -2.4084816873e-01
    3.2999937534e+00    7.1622353792e-01
    3.3999958038e+00    2.8999143839e-01
    3.4999978542e+00   -5.2193683386e-01
    3.5999906063e+00    2.0073685050e-01
    3.6999926567e+00    4.4634354115e-01
    3.7999947071e+00   -7.6579451561e-01
    3.8999967575e+00   -9.6291148663e-01
    3.9999985695e+00    1.0674285889e+00
    4.0999913216e+00    2.3706645966e+00
    4.1999931335e+00   -2.0866959095e+00
    4.2999949455e+00   -1.2156431675e+00
    4.3999967575e+00    1.0614454746e+00
    4.4999985695e+00    4.5419991016e-01
    4.5999908447e+00   -7.8295075893e-01
    4.6999926567e+00    2.0084669590e+00
    4.7999944687e+00   -7.5043970346e-01
    4.8999962807e+00   -8.0805367231e-01
    4.9999980927e+00    3.6547058821e-01
    5.0999994278e+00   -3.3116772175e+00
    5.1999921799e+00    3.5425910950e+00
    5.2999920845e+00    6.9587206841e+00
    5.3999934196e+00   -1.2893476486e+00
    5.4999938011e+00   -1.1551208496e+00
    5.5999951363e+00    3.9834825993e+00
    5.6999955177e+00   -1.2082158327e+00
    5.7999958992e+00   -2.8371593952e+00
    5.8999972343e+00    3.8961384296e+00
    5.9999985695e+00    1.1770553589e+00
    6.0999994278e+00   -1.4550659657e+00
    6.1999912262e+00   -1.1318718195e+00
    6.2999925613e+00    4.0459065437e+00
    6.3999934196e+00   -8.5506767035e-01
    6.4999942780e+00    7.3222927749e-02
    6.5999956131e+00    2.1559057236e+00
    6.6999964714e+00   -9.3896245956e-01
    6.7999963760e+00    1.8229553699e+00
    6.8999972343e+00    9.4063496590e-01
    6.9999980927e+00    4.9625563622e+00
    7.0999989510e+00    1.5260255337e+00
    7.1999983788e+00   -1.9330084324e+00
    7.2999992371e+00    8.1189703941e-01
    7.3999996185e+00   -8.1928712130e-01
    7.4999990463e+00    2.2289292514e-01
    7.5999989510e+00    1.1500614882e+00
    7.6999998093e+00   -2.1977727115e-01
    7.7999911308e+00    1.9376024008e+00
    7.8999910355e+00    1.5386680365e+00
    7.9999909401e+00    1.6788491011e+00
    8.0999917984e+00    1.2772764266e-01
    8.1999921799e+00   -3.3774662018e+00
    8.2999916077e+00    3.0873634815e+00
    8.3999929428e+00    2.5026490688e+00
    8.4999933243e+00    4.3348094821e-01
    8.5999937057e+00   -1.7581601143e+00
    8.6999931335e+00    3.5253047943e+00
    8.7999944687e+00    9.1190042496e+00
    8.8999948502e+00   -3.9735221863e+00
    8.9999952316e+00   -2.8669433594e+00
    9.0999956131e+00   -1.2174233198e+00
    9.1999950409e+00   -4.6841974258e+00
    9.2999944687e+00    3.7575733662e+00
    9.3999948502e+00    6.7603087425e+00
    9.4999952316e+00    8.3617105484e+00
    9.5999956131e+00   -1.8556512892e-01
    9.6999950409e+00   -5.0613670349e+00
    9.7999944687e+00    3.1177554131e+00
    9.8999948502e+00    6.7657017708e+00
    9.9999952316e+00    1.0749325752e+00
    1.0099993706e+01   -6.1161017418e+00
    1.0199991226e+01   -4.1595635414e+00
    1.0299999237e+01    6.6895022392e+00
    1.0399997711e+01    2.3097870350e+00
    1.0499997139e+01   -2.4885733128e+00
    1.0599996567e+01    3.4158098698e+00
    1.0699995041e+01   -1.8823770285e+00
    1.0799991608e+01   -5.8899278641e+00
    1.0899998665e+01   -3.9006054401e+00
    1.0999996185e+01    9.7095808014e-03
    1.1099992752e+01    1.6152222157e+00
    1.1199998856e+01    3.3065102100e+00
    1.1299995422e+01    1.3345792294e+00
    1.1399992943e+01   -2.3243432045e+00
    1.1499990463e+01   -1.9951339960e+00
    1.1599996567e+01    2.2951791286e+00
    1.1699993134e+01    4.7554597855e+00
    1.1799990654e+01   -4.5679777861e-01
    1.1899997711e+01   -3.7228295803e+00
    1.1999996185e+01   -1.3084708452e+00
    1.2099993706e+01    3.5005867481e+00
    1.2199991226e+01    1.7333184481e+00
    1.2299998283e+01   -2.6724410057e+00
    1.2399994850e+01   -3.4788494110e+00
    1.2499991417e+01    1.8197032213e+00
    1.2599998474e+01    1.8209987879e+00
    1.2699995041e+01   -9.5187586546e-01
    1.2799991608e+01   -1.4745472670e+00
    1.2899997711e+01    2.4114773273e+00
    1.2999994278e+01    6.4211502075e+00
    1.3099991798e+01   -2.1705091000e+00
    1.3199997902e+01   -6.8195843697e+00
    1.3299994469e+01    2.4456298351e+00
    1.3399991035e+01    5.8739867210e+00
    1.3499997139e+01    1.3259160519e+00
    1.3599994659e+01   -4.2014718056e+00
    1.3699991226e+01   -5.7101769447e+00
    1.3799997330e+01    2.6453866959e+00
    1.3899993896e+01    5.4724168777e+00
    1.3999990463e+01   -2.0934281349e+00
    1.4099997520e+01   -2.7809708118e+00
    1.4199994087e+01    2.3657410145e+00
    1.4299991608e+01    2.6193325520e+00
    1.4399997711e+01    1.9870333672e+00
    1.4499994278e+01   -1.9621311426e+00
    1.4599991798e+01   -2.2951776981e+00
    1.4699996948e+01   -9.4135743380e-01
    1.4799994469e+01    5.8393999934e-02
    1.4899991035e+01    5.4261714220e-01
    1.4999996185e+01    1.2986701727e+00
    1.5099992752e+01    1.1277111769e+00
    1.5199998856e+01   -2.7527198195e-01
    1.5299995422e+01   -1.9032784700e+00
    1.5399991989e+01   -1.2975424528e+00
    1.5499999046e+01    1.5826417208e+00
    1.5599995613e+01    2.0771074295e+00
    1.5699992180e+01   -4.3214585632e-02
    1.5799998283e+01    1.4619696140e+00
    1.5899995804e+01    1.0545901209e-01
    1.5999992371e+01   -2.8055002689e+00
    1.6099998474e+01   -2.4132285118e+00
    1.6199995041e+01    4.2109024525e-01
    1.6299991608e+01    3.0055170059e+00
    1.6399997711e+01    8.1622946262e-01
    1.6499996185e+01   -7.1846109629e-01
    1.6599992752e+01    1.0206674039e-01
    1.6699998856e+01    1.0655065775e+00
    1.6799995422e+01    8.8796722889e-01
    1.6899991989e+01   -8.5254365206e-01
    1.6999998093e+01   -1.3617449999e+00
    1.7099996567e+01    6.3660663366e-01
    1.7199993134e+01    2.3821489811e+00
    1.7299999237e+01    5.7500910759e-01
    1.7399995804e+01   -2.1971507072e+00
    1.7499992371e+01   -2.6727527380e-01
    1.7599990845e+01    1.5921078920e+00
    1.7699995041e+01    1.3715531826e+00
    1.7799991608e+01   -4.4725447893e-01
    1.7899997711e+01   -2.4229030609e+00
    1.7999994278e+01    6.9301813841e-01
    1.8099990845e+01    2.6156330109e+00
    1.8199996948e+01    2.7707013488e-01
    1.8299993515e+01   -4.7437989712e-01
    1.8399990082e+01   -4.1982945800e-01
    1.8499996185e+01    1.8512147665e+00
    1.8599992752e+01    7.5478255749e-01
    1.8699996948e+01   -1.8374465704e+00
    1.8799993515e+01   -2.2863194942e+00
    1.8899997711e+01    6.5788900852e-01
    1.8999994278e+01    1.5768119097e+00
    1.9099990845e+01   -3.7612646818e-01
    1.9199996948e+01   -1.8184078932e+00
    1.9299991608e+01   -7.4505847692e-01
    1.9399997711e+01    1.7417083979e+00
    1.9499994278e+01    1.2254270315e+00
    1.9599998474e+01   -5.8899027109e-01
    1.9699993134e+01   -1.1830264330e+00
    1.9799989700e+01    6.0480177402e-01
    1.9899995804e+01    3.7089127302e-01
    1.9999992371e+01   -7.3377817869e-01
    2.0099996567e+01    1.5074513853e-01
    2.0199993134e+01    1.1182769537e+00
    2.0299997330e+01    1.2770137787e+00
    2.0399993896e+01    6.3826948404e-01
    2.0499990463e+01   -8.7866163254e-01
    2.0599994659e+01   -1.6766955853e+00
    2.0699991226e+01   -2.7972555161e-01
    2.0799997330e+01    1.3155493736e+00
    2.0899993896e+01    3.0097493529e-01
    2.0999998093e+01   -3.6373382807e-01
    2.1099994659e+01   -1.3089998066e-01
    2.1199991226e+01   -2.6891240478e-01
    2.1299995422e+01   -1.2775551081e+00
    2.1399991989e+01   -4.7040006518e-01
    2.1499998093e+01    2.1656322479e+00
    2.1599992752e+01    6.9920825958e-01
    2.1699998856e+01   -2.0556993484e+00
    2.1799993515e+01   -1.9898254871e+00
    2.1899990082e+01    8.1344401836e-01
    2.1999996185e+01    2.3906569481e+00
    2.2099990845e+01   -3.5558268428e-01
    2.2199996948e+01   -2.0497667789e+00
    2.2299993515e+01    1.7609912157e-01
    2.2399997711e+01    2.2249784470e+00
    2.2499994278e+01    4.2827168107e-01
    2.2599990845e+01   -5.4009729624e-01
    2.2699995041e+01    4.7334721684e-01
    2.2799991608e+01    1.0322374105e+00
    2.2899997711e+01   -1.6010396183e-02
    2.2999992371e+01   -2.4198598862e+00
    2.3099998474e+01   -1.1484266520e+00
    2.3199993134e+01    2.1074008942e+00
    2.3299989700e+01    1.5330210924e+00
    2.3399995804e+01   -1.4839602709e+00
    2.3499990463e+01   -1.8945672512e+00
    2.3599996567e+01    1.0592217445e+00
    2.3699993134e+01    2.5354051590e+00
    2.3799997330e+01   -5.1444011927e-01
    2.3899993896e+01   -2.9452323914e+00
    2.3999998093e+01   -6.5687674284e-01
    2.4099994659e+01    3.0504562855e+00
    2.4199991226e+01    1.8745076656e+00
    2.4299995422e+01   -2.1509034634e+00
    2.4399991989e+01   -2.6699471474e+00
    2.4499996185e+01    8.3315199614e-01
    2.4599992752e+01    2.6586265564e+00
    2.4699998856e+01   -7.9430037737e-01
    2.4799993515e+01   -3.3113007545e+00
    2.4899990082e+01   -5.8895498514e-01
    2.4999996185e+01    3.7453420162e+00
    2.5099992752e+01    2.8487999439e+00
    2.5199996948e+01   -2.7202885151e+00
    2.5299993515e+01   -3.3238351345e+00
    2.5399997711e+01    1.1313349009e+00
    2.5499994278e+01    3.4906423092e+00
    2.5599990845e+01   -8.3552815020e-02
    2.5699995041e+01   -3.2660086155e+00
    2.5799991608e+01   -1.0769334435e-01
    2.5899995804e+01    3.4836714268e+00
    2.5999992371e+01    9.0967822075e-01
    2.6099998474e+01   -3.4254863262e+00
    2.6199993134e+01   -2.1310882568e+00
    2.6299999237e+01    2.6956930161e+00
    2.6399993896e+01    2.4604678154e+00
    2.6499990463e+01   -1.7293779850e+00
    2.6599996567e+01   -2.9720785618e+00
    2.6699991226e+01    1.1012721062e+00
    2.6799997330e+01    3.2285401821e+00
    2.6899993896e+01   -2.5886115432e-01
    2.6999998093e+01   -3.2944600582e+00
    2.7099994659e+01   -8.8630491495e-01
    2.7199989319e+01    3.2795867920e+00
    2.7299995422e+01    1.1571539640e+00
    2.7399990082e+01   -2.7276639938e+00
    2.7499996185e+01   -1.1707968712e+00
    2.7599992752e+01    1.8073586226e+00
    2.7699996948e+01    1.6166172028e+00
    2.7799993515e+01   -1.3220877647e+00
    2.7899997711e+01   -1.7192833424e+00
    2.7999994278e+01    1.4004503489e+00
    2.8099990845e+01    1.4169825315e+00
    2.8199996948e+01   -1.1075166464e+00
    2.8299991608e+01   -1.5132021904e+00
    2.8399997711e+01    9.0175211430e-01
    2.8499992371e+01    1.8296239376e+00
    2.8599998474e+01   -7.5802952051e-01
    2.8699995041e+01   -2.3250803947e+00
    2.8799989700e+01    1.8635073304e-01
    2.8899995804e+01    2.6505563259e+00
    2.8999990463e+01    6.3734972477e-01
    2.9099996567e+01   -2.2504560947e+00
    2.9199993134e+01   -1.1927025318e+00
    2.9299997330e+01    1.7598906755e+00
    2.9399993896e+01    1.5975850821e+00
    2.9499998093e+01   -1.1714146137e+00
    2.9599994659e+01   -1.7768715620e+00
    2.9699991226e+01    6.0749584436e-01
    2.9799995422e+01    1.8144704103e+00
    2.9899991989e+01   -4.6333439648e-02
    2.9999998093e+01   -1.6700065136e+00
    3.0000005722e+01   -1.6700265408e+00
endcurve
