0.00 0.0000000000
0.01 0.0099998333
0.02 0.0199986667
0.03 0.0299955002
0.04 0.0399893342
0.05 0.0499791693
0.06 0.0599640065
0.07 0.0699428473
0.08 0.0799146940
0.09 0.0898785492
0.10 0.0998334166
0.11 0.1097783008
0.12 0.1197122073
0.13 0.1296341426
0.14 0.1395431146
0.15 0.1494381325
0.16 0.1593182066
0.17 0.1691823491
0.18 0.1790295734
0.19 0.1888588950
0.20 0.1986693308
0.21 0.2084598998
0.22 0.2182296231
0.23 0.2279775235
0.24 0.2377026264
0.25 0.2474039593
0.26 0.2570805519
0.27 0.2667314367
0.28 0.2763556486
0.29 0.2859522251
0.30 0.2955202067
0.31 0.3050586364
0.32 0.3145665606
0.33 0.3240430284
0.34 0.3334870921
0.35 0.3428978075
0.36 0.3522742333
0.37 0.3616154320
0.38 0.3709204694
0.39 0.3801884151
0.40 0.3894183423
0.41 0.3986093280
0.42 0.4077604531
0.43 0.4168708024
0.44 0.4259394651
0.45 0.4349655341
0.46 0.4439481070
0.47 0.4528862854
0.48 0.4617791755
0.49 0.4706258882
0.50 0.4794255386
0.51 0.4881772469
0.52 0.4968801378
0.53 0.5055333412
0.54 0.5141359917
0.55 0.5226872289
0.56 0.5311861979
0.57 0.5396320487
0.58 0.5480239368
0.59 0.5563610229
0.60 0.5646424734
0.61 0.5728674601
0.62 0.5810351605
0.63 0.5891447579
0.64 0.5971954414
0.65 0.6051864057
0.66 0.6131168520
0.67 0.6209859870
0.68 0.6287930240
0.69 0.6365371822
0.70 0.6442176872
0.71 0.6518337710
0.72 0.6593846720
0.73 0.6668696350
0.74 0.6742879116
0.75 0.6816387600
0.76 0.6889214451
0.77 0.6961352386
0.78 0.7032794192
0.79 0.7103532724
0.80 0.7173560909
0.81 0.7242871744
0.82 0.7311458297
0.83 0.7379313711
0.84 0.7446431200
0.85 0.7512804051
0.86 0.7578425629
0.87 0.7643289370
0.88 0.7707388789
0.89 0.7770717475
0.90 0.7833269096
0.91 0.7895037397
0.92 0.7956016200
0.93 0.8016199409
0.94 0.8075581004
0.95 0.8134155048
0.96 0.8191915683
0.97 0.8248857133
0.98 0.8304973705
0.99 0.8360259786
1.00 0.8414709848
1.01 0.8468318446
1.02 0.8521080219
1.03 0.8572989892
1.04 0.8624042272
1.05 0.8674232256
1.06 0.8723554823
1.07 0.8772005043
1.08 0.8819578069
1.09 0.8866269144
1.10 0.8912073601
1.11 0.8956986857
1.12 0.9001004422
1.13 0.9044121894
1.14 0.9086334961
1.15 0.9127639403
1.16 0.9168031088
1.17 0.9207505977
1.18 0.9246060124
1.19 0.9283689672
1.20 0.9320390860
1.21 0.9356160016
1.22 0.9390993563
1.23 0.9424888019
1.24 0.9457839994
1.25 0.9489846194
1.26 0.9520903416
1.27 0.9551008556
1.28 0.9580158603
1.29 0.9608350642
1.30 0.9635581854
1.31 0.9661849516
1.32 0.9687151001
1.33 0.9711483779
1.34 0.9734845417
1.35 0.9757233578
1.36 0.9778646024
1.37 0.9799080614
1.38 0.9818535304
1.39 0.9837008148
1.40 0.9854497300
1.41 0.9871001010
1.42 0.9886517629
1.43 0.9901045603
1.44 0.9914583482
1.45 0.9927129910
1.46 0.9938683634
1.47 0.9949243498
1.48 0.9958808445
1.49 0.9967377520
1.50 0.9974949866
1.51 0.9981524725
1.52 0.9987101440
1.53 0.9991679453
1.54 0.9995258306
1.55 0.9997837642
1.56 0.9999417202
1.57 0.9999996829
1.58 0.9999576465
1.59 0.9998156151
1.60 0.9995736030
1.61 0.9992316344
1.62 0.9987897435
1.63 0.9982479744
1.64 0.9976063813
1.65 0.9968650285
1.66 0.9960239899
1.67 0.9950833498
1.68 0.9940432022
1.69 0.9929036511
1.70 0.9916648105
1.71 0.9903268042
1.72 0.9888897660
1.73 0.9873538397
1.74 0.9857191788
1.75 0.9839859469
1.76 0.9821543171
1.77 0.9802244728
1.78 0.9781966068
1.79 0.9760709220
1.80 0.9738476309
1.81 0.9715269558
1.82 0.9691091289
1.83 0.9665943918
1.84 0.9639829962
1.85 0.9612752030
1.86 0.9584712831
1.87 0.9555715169
1.88 0.9525761943
1.89 0.9494856149
1.90 0.9463000877
1.91 0.9430199313
1.92 0.9396454737
1.93 0.9361770523
1.94 0.9326150140
1.95 0.9289597150
1.96 0.9252115208
1.97 0.9213708062
1.98 0.9174379553
1.99 0.9134133613
2.00 0.9092974268
2.01 0.9050905633
2.02 0.9007931915
2.03 0.8964057412
2.04 0.8919286510
2.05 0.8873623686
2.06 0.8827073508
2.07 0.8779640630
2.08 0.8731329795
2.09 0.8682145834
2.10 0.8632093666
2.11 0.8581178296
2.12 0.8529404816
2.13 0.8476778401
2.14 0.8423304316
2.15 0.8368987908
2.16 0.8313834608
2.17 0.8257849931
2.18 0.8201039476
2.19 0.8143408924
2.20 0.8084964038
2.21 0.8025710662
2.22 0.7965654722
2.23 0.7904802223
2.24 0.7843159251
2.25 0.7780731969
2.26 0.7717526620
2.27 0.7653549525
2.28 0.7588807082
2.29 0.7523305764
2.30 0.7457052122
2.31 0.7390052781
2.32 0.7322314440
2.33 0.7253843875
2.34 0.7184647931
2.35 0.7114733528
2.36 0.7044107658
2.37 0.6972777383
2.38 0.6900749836
2.39 0.6828032219
2.40 0.6754631806
2.41 0.6680555934
2.42 0.6605812013
2.43 0.6530407516
2.44 0.6454349983
2.45 0.6377647021
2.46 0.6300306300
2.47 0.6222335553
2.48 0.6143742578
2.49 0.6064535234
2.50 0.5984721441
2.51 0.5904309181
2.52 0.5823306495
2.53 0.5741721484
2.54 0.5659562304
2.55 0.5576837174
2.56 0.5493554364
2.57 0.5409722204
2.58 0.5325349076
2.59 0.5240443417
2.60 0.5155013718
2.61 0.5069068522
2.62 0.4982616424
2.63 0.4895666068
2.64 0.4808226150
2.65 0.4720305413
2.66 0.4631912649
2.67 0.4543056698
2.68 0.4453746445
2.69 0.4363990822
2.70 0.4273798802
2.71 0.4183179407
2.72 0.4092141697
2.73 0.4000694776
2.74 0.3908847789
2.75 0.3816609921
2.76 0.3723990394
2.77 0.3630998472
2.78 0.3537643453
2.79 0.3443934673
2.80 0.3349881502
2.81 0.3255493345
2.82 0.3160779642
2.83 0.3065749864
2.84 0.2970413513
2.85 0.2874780123
2.86 0.2778859258
2.87 0.2682660509
2.88 0.2586193497
2.89 0.2489467867
2.90 0.2392493292
2.91 0.2295279470
2.92 0.2197836122
2.93 0.2100172993
2.94 0.2002299847
2.95 0.1904226474
2.96 0.1805962679
2.97 0.1707518290
2.98 0.1608903150
2.99 0.1510127121
3.00 0.1411200081
3.01 0.1312131922
3.02 0.1212932550
3.03 0.1113611887
3.04 0.1014179863
3.05 0.0914646422
3.06 0.0815021518
3.07 0.0715315111
3.08 0.0615537174
3.09 0.0515697684
3.10 0.0415806624
3.11 0.0315873984
3.12 0.0215909757
3.13 0.0115923939
3.14 0.0015926529
3.15 -0.0084072474
3.16 -0.0184063069
3.17 -0.0284035259
3.18 -0.0383979045
3.19 -0.0483884434
3.20 -0.0583741434
3.21 -0.0683540061
3.22 -0.0783270335
3.23 -0.0882922282
3.24 -0.0982485937
3.25 -0.1081951345
3.26 -0.1181308559
3.27 -0.1280547643
3.28 -0.1379658673
3.29 -0.1478631738
3.30 -0.1577456941
3.31 -0.1676124400
3.32 -0.1774624248
3.33 -0.1872946635
3.34 -0.1971081729
3.35 -0.2069019717
3.36 -0.2166750804
3.37 -0.2264265218
3.38 -0.2361553207
3.39 -0.2458605043
3.40 -0.2555411020
3.41 -0.2651961459
3.42 -0.2748246703
3.43 -0.2844257125
3.44 -0.2939983124
3.45 -0.3035415127
3.46 -0.3130543591
3.47 -0.3225359003
3.48 -0.3319851882
3.49 -0.3414012779
3.50 -0.3507832277
3.51 -0.3601300995
3.52 -0.3694409585
3.53 -0.3787148738
3.54 -0.3879509179
3.55 -0.3971481673
3.56 -0.4063057021
3.57 -0.4154226068
3.58 -0.4244979695
3.59 -0.4335308828
3.60 -0.4425204433
3.61 -0.4514657522
3.62 -0.4603659148
3.63 -0.4692200413
3.64 -0.4780272461
3.65 -0.4867866487
3.66 -0.4954973729
3.67 -0.5041585479
3.68 -0.5127693074
3.69 -0.5213287904
3.70 -0.5298361409
3.71 -0.5382905083
3.72 -0.5466910471
3.73 -0.5550369172
3.74 -0.5633272841
3.75 -0.5715613187
3.76 -0.5797381977
3.77 -0.5878571034
3.78 -0.5959172238
3.79 -0.6039177530
3.80 -0.6118578909
3.81 -0.6197368436
3.82 -0.6275538231
3.83 -0.6353080477
3.84 -0.6429987421
3.85 -0.6506251371
3.86 -0.6581864701
3.87 -0.6656819850
3.88 -0.6731109323
3.89 -0.6804725691
3.90 -0.6877661592
3.91 -0.6949909732
3.92 -0.7021462887
3.93 -0.7092313902
3.94 -0.7162455691
3.95 -0.7231881241
3.96 -0.7300583608
3.97 -0.7368555924
3.98 -0.7435791389
3.99 -0.7502283282
4.00 -0.7568024953
4.01 -0.7633009828
4.02 -0.7697231408
4.03 -0.7760683271
4.04 -0.7823359072
4.05 -0.7885252544
4.06 -0.7946357498
4.07 -0.8006667822
4.08 -0.8066177486
4.09 -0.8124880539
4.10 -0.8182771111
4.11 -0.8239843412
4.12 -0.8296091736
4.13 -0.8351510458
4.14 -0.8406094036
4.15 -0.8459837011
4.16 -0.8512734009
4.17 -0.8564779742
4.18 -0.8615969003
4.19 -0.8666296675
4.20 -0.8715757724
4.21 -0.8764347205
4.22 -0.8812060258
4.23 -0.8858892113
4.24 -0.8904838086
4.25 -0.8949893582
4.26 -0.8994054097
4.27 -0.9037315214
4.28 -0.9079672606
4.29 -0.9121122039
4.30 -0.9161659367
4.31 -0.9201280538
4.32 -0.9239981587
4.33 -0.9277758646
4.34 -0.9314607938
4.35 -0.9350525776
4.36 -0.9385508569
4.37 -0.9419552819
4.38 -0.9452655122
4.39 -0.9484812167
4.40 -0.9516020739
4.41 -0.9546277717
4.42 -0.9575580074
4.43 -0.9603924882
4.44 -0.9631309306
4.45 -0.9657730606
4.46 -0.9683186142
4.47 -0.9707673367
4.48 -0.9731189832
4.49 -0.9753733187
4.50 -0.9775301177
4.51 -0.9795891644
4.52 -0.9815502531
4.53 -0.9834131875
4.54 -0.9851777815
4.55 -0.9868438585
4.56 -0.9884112519
4.57 -0.9898798051
4.58 -0.9912493711
4.59 -0.9925198129
4.60 -0.9936910036
4.61 -0.9947628261
4.62 -0.9957351731
4.63 -0.9966079474
4.64 -0.9973810617
4.65 -0.9980544388
4.66 -0.9986280112
4.67 -0.9991017217
4.68 -0.9994755228
4.69 -0.9997493772
4.70 -0.9999232576
4.71 -0.9999971464
4.72 -0.9999710363
4.73 -0.9998449300
4.74 -0.9996188400
4.75 -0.9992927890
4.76 -0.9988668095
4.77 -0.9983409442
4.78 -0.9977152456
4.79 -0.9969897763
4.80 -0.9961646088
4.81 -0.9952398258
4.82 -0.9942155195
4.83 -0.9930917926
4.84 -0.9918687573
4.85 -0.9905465360
4.86 -0.9891252608
4.87 -0.9876050739
4.88 -0.9859861274
4.89 -0.9842685830
4.90 -0.9824526126
4.91 -0.9805383978
4.92 -0.9785261299
4.93 -0.9764160103
4.94 -0.9742082499
4.95 -0.9719030694
4.96 -0.9695006995
4.97 -0.9670013802
4.98 -0.9644053617
4.99 -0.9617129034
5.00 -0.9589242747
5.01 -0.9560397543
5.02 -0.9530596307
5.03 -0.9499842020
5.04 -0.9468137756
5.05 -0.9435486686
5.06 -0.9401892076
5.07 -0.9367357284
5.08 -0.9331885765
5.09 -0.9295481064
5.10 -0.9258146823
5.11 -0.9219886775
5.12 -0.9180704747
5.13 -0.9140604655
5.14 -0.9099590511
5.15 -0.9057666415
5.16 -0.9014836560
5.17 -0.8971105228
5.18 -0.8926476794
5.19 -0.8880955720
5.20 -0.8834546557
5.21 -0.8787253947
5.22 -0.8739082619
5.23 -0.8690037390
5.24 -0.8640123165
5.25 -0.8589344934
5.26 -0.8537707776
5.27 -0.8485216855
5.28 -0.8431877419
5.29 -0.8377694802
5.30 -0.8322674422
5.31 -0.8266821782
5.32 -0.8210142467
5.33 -0.8152642144
5.34 -0.8094326564
5.35 -0.8035201559
5.36 -0.7975273039
5.37 -0.7914546999
5.38 -0.7853029511
5.39 -0.7790726726
5.40 -0.7727644876
5.41 -0.7663790267
5.42 -0.7599169285
5.43 -0.7533788393
5.44 -0.7467654129
5.45 -0.7400773105
5.46 -0.7333152010
5.47 -0.7264797606
5.48 -0.7195716728
5.49 -0.7125916285
5.50 -0.7055403256
5.51 -0.6984184692
5.52 -0.6912267716
5.53 -0.6839659519
5.54 -0.6766367361
5.55 -0.6692398573
5.56 -0.6617760550
5.57 -0.6542460757
5.58 -0.6466506723
5.59 -0.6389906043
5.60 -0.6312666379
5.61 -0.6234795453
5.62 -0.6156301053
5.63 -0.6077191027
5.64 -0.5997473288
5.65 -0.5917155806
5.66 -0.5836246614
5.67 -0.5754753802
5.68 -0.5672685519
5.69 -0.5590049973
5.70 -0.5506855426
5.71 -0.5423110198
5.72 -0.5338822664
5.73 -0.5254001252
5.74 -0.5168654444
5.75 -0.5082790775
5.76 -0.4996418831
5.77 -0.4909547250
5.78 -0.4822184717
5.79 -0.4734339971
5.80 -0.4646021794
5.81 -0.4557239019
5.82 -0.4468000524
5.83 -0.4378315233
5.84 -0.4288192113
5.85 -0.4197640178
5.86 -0.4106668483
5.87 -0.4015286124
5.88 -0.3923502240
5.89 -0.3831326009
5.90 -0.3738766648
5.91 -0.3645833414
5.92 -0.3552535600
5.93 -0.3458882535
5.94 -0.3364883585
5.95 -0.3270548149
5.96 -0.3175885661
5.97 -0.3080905587
5.98 -0.2985617425
5.99 -0.2890030704
6.00 -0.2794154982
6.01 -0.2697999847
6.02 -0.2601574914
6.03 -0.2504889826
6.04 -0.2407954251
6.05 -0.2310777883
6.06 -0.2213370439
6.07 -0.2115741659
6.08 -0.2017901308
6.09 -0.1919859167
6.10 -0.1821625043
6.11 -0.1723208757
6.12 -0.1624620152
6.13 -0.1525869086
6.14 -0.1426965435
6.15 -0.1327919089
6.16 -0.1228739951
6.17 -0.1129437941
6.18 -0.1030022987
6.19 -0.0930505033
6.20 -0.0830894028
6.21 -0.0731199935
6.22 -0.0631432722
6.23 -0.0531602367
6.24 -0.0431718852
6.25 -0.0331792165
6.26 -0.0231832300
6.27 -0.0131849251
6.28 -0.0031853018
6.29 0.0068146401
6.30 0.0168139005
6.31 0.0268114795
6.32 0.0368063774
6.33 0.0467975947
6.34 0.0567841323
6.35 0.0667649915
6.36 0.0767391743
6.37 0.0867056832
6.38 0.0966635216
6.39 0.1066116938
6.40 0.1165492049
6.41 0.1264750611
6.42 0.1363882699
6.43 0.1462878401
6.44 0.1561727815
6.45 0.1660421059
6.46 0.1758948261
6.47 0.1857299570
6.48 0.1955465151
6.49 0.2053435187
6.50 0.2151199881
6.51 0.2248749457
6.52 0.2346074159
6.53 0.2443164257
6.54 0.2540010040
6.55 0.2636601824
6.56 0.2732929950
6.57 0.2828984785
6.58 0.2924756724
6.59 0.3020236190
6.60 0.3115413635
6.61 0.3210279541
6.62 0.3304824422
6.63 0.3399038823
6.64 0.3492913323
6.65 0.3586438535
6.66 0.3679605106
6.67 0.3772403719
6.68 0.3864825095
6.69 0.3956859992
6.70 0.4048499206
6.71 0.4139733574
6.72 0.4230553971
6.73 0.4320951317
6.74 0.4410916572
6.75 0.4500440738
6.76 0.4589514864
6.77 0.4678130042
6.78 0.4766277411
6.79 0.4853948157
6.80 0.4941133511
6.81 0.5027824757
6.82 0.5114013224
6.83 0.5199690294
6.84 0.5284847399
6.85 0.5369476024
6.86 0.5453567706
6.87 0.5537114036
6.88 0.5620106659
6.89 0.5702537276
6.90 0.5784397644
6.91 0.5865679577
6.92 0.5946374947
6.93 0.6026475684
6.94 0.6105973779
6.95 0.6184861282
6.96 0.6263130303
6.97 0.6340773017
6.98 0.6417781659
6.99 0.6494148528
7.00 0.6569865987
7.01 0.6644926466
7.02 0.6719322457
7.03 0.6793046521
7.04 0.6866091287
7.05 0.6938449449
7.06 0.7010113772
7.07 0.7081077090
7.08 0.7151332306
7.09 0.7220872394
7.10 0.7289690401
7.11 0.7357779446
7.12 0.7425132718
7.13 0.7491743483
7.14 0.7557605081
7.15 0.7622710924
7.16 0.7687054502
7.17 0.7750629381
7.18 0.7813429204
7.19 0.7875447690
7.20 0.7936678638
7.21 0.7997115925
7.22 0.8056753507
7.23 0.8115585421
7.24 0.8173605782
7.25 0.8230808790
7.26 0.8287188724
7.27 0.8342739946
7.28 0.8397456900
7.29 0.8451334117
7.30 0.8504366206
7.31 0.8556547866
7.32 0.8607873879
7.33 0.8658339111
7.34 0.8707938517
7.35 0.8756667136
7.36 0.8804520096
7.37 0.8851492610
7.38 0.8897579984
7.39 0.8942777606
7.40 0.8987080958
7.41 0.9030485610
7.42 0.9072987220
7.43 0.9114581540
7.44 0.9155264408
7.45 0.9195031758
7.46 0.9233879613
7.47 0.9271804087
7.48 0.9308801388
7.49 0.9344867818
7.50 0.9379999768
7.51 0.9414193726
7.52 0.9447446272
7.53 0.9479754082
7.54 0.9511113924
7.55 0.9541522663
7.56 0.9570977257
7.57 0.9599474762
7.58 0.9627012327
7.59 0.9653587199
7.60 0.9679196720
7.61 0.9703838330
7.62 0.9727509564
7.63 0.9750208055
7.64 0.9771931533
7.65 0.9792677827
7.66 0.9812444861
7.67 0.9831230658
7.68 0.9849033341
7.69 0.9865851128
7.70 0.9881682339
7.71 0.9896525389
7.72 0.9910378796
7.73 0.9923241172
7.74 0.9935111233
7.75 0.9945987791
7.76 0.9955869759
7.77 0.9964756147
7.78 0.9972646069
7.79 0.9979538734
7.80 0.9985433454
7.81 0.9990329638
7.82 0.9994226798
7.83 0.9997124544
7.84 0.9999022585
7.85 0.9999920733
7.86 0.9999818897
7.87 0.9998717087
7.88 0.9996615414
7.89 0.9993514088
7.90 0.9989413418
7.91 0.9984313816
7.92 0.9978215791
7.93 0.9971119952
7.94 0.9963027009
7.95 0.9953937773
7.96 0.9943853150
7.97 0.9932774151
7.98 0.9920701882
7.99 0.9907637552
8.00 0.9893582466
8.01 0.9878538030
8.02 0.9862505749
8.03 0.9845487225
8.04 0.9827484161
8.05 0.9808498356
8.06 0.9788531710
8.07 0.9767586219
8.08 0.9745663977
8.09 0.9722767177
8.10 0.9698898108
8.11 0.9674059158
8.12 0.9648252810
8.13 0.9621481645
8.14 0.9593748339
8.15 0.9565055667
8.16 0.9535406497
8.17 0.9504803794
8.18 0.9473250619
8.19 0.9440750126
8.20 0.9407305567
8.21 0.9372920285
8.22 0.9337597718
8.23 0.9301341400
8.24 0.9264154955
8.25 0.9226042102
8.26 0.9187006653
8.27 0.9147052511
8.28 0.9106183671
8.29 0.9064404221
8.30 0.9021718338
8.31 0.8978130290
8.32 0.8933644437
8.33 0.8888265226
8.34 0.8841997197
8.35 0.8794844975
8.36 0.8746813276
8.37 0.8697906904
8.38 0.8648130747
8.39 0.8597489785
8.40 0.8545989081
8.41 0.8493633785
8.42 0.8440429133
8.43 0.8386380445
8.44 0.8331493126
8.45 0.8275772664
8.46 0.8219224633
8.47 0.8161854685
8.48 0.8103668559
8.49 0.8044672073
8.50 0.7984871126
8.51 0.7924271699
8.52 0.7862879851
8.53 0.7800701722
8.54 0.7737743529
8.55 0.7674011569
8.56 0.7609512213
8.57 0.7544251913
8.58 0.7478237194
8.59 0.7411474657
8.60 0.7343970979
8.61 0.7275732910
8.62 0.7206767273
8.63 0.7137080966
8.64 0.7066680957
8.65 0.6995574286
8.66 0.6923768063
8.67 0.6851269469
8.68 0.6778085754
8.69 0.6704224236
8.70 0.6629692301
8.71 0.6554497402
8.72 0.6478647059
8.73 0.6402148857
8.74 0.6325010445
8.75 0.6247239538
8.76 0.6168843911
8.77 0.6089831406
8.78 0.6010209922
8.79 0.5929987422
8.80 0.5849171929
8.81 0.5767771523
8.82 0.5685794345
8.83 0.5603248592
8.84 0.5520142519
8.85 0.5436484437
8.86 0.5352282710
8.87 0.5267545760
8.88 0.5182282059
8.89 0.5096500135
8.90 0.5010208565
8.91 0.4923415978
8.92 0.4836131053
8.93 0.4748362520
8.94 0.4660119154
8.95 0.4571409780
8.96 0.4482243269
8.97 0.4392628538
8.98 0.4302574547
8.99 0.4212090303
9.00 0.4121184852
9.01 0.4029867287
9.02 0.3938146739
9.03 0.3846032379
9.04 0.3753533419
9.05 0.3660659109
9.06 0.3567418736
9.07 0.3473821624
9.08 0.3379877132
9.09 0.3285594656
9.10 0.3190983623
9.11 0.3096053495
9.12 0.3000813764
9.13 0.2905273953
9.14 0.2809443618
9.15 0.2713332341
9.16 0.2616949733
9.17 0.2520305432
9.18 0.2423409103
9.19 0.2326270434
9.20 0.2228899141
9.21 0.2131304960
9.22 0.2033497649
9.23 0.1935486991
9.24 0.1837282786
9.25 0.1738894854
9.26 0.1640333034
9.27 0.1541607182
9.28 0.1442727170
9.29 0.1343702887
9.30 0.1244544235
9.31 0.1145261130
9.32 0.1045863499
9.33 0.0946361283
9.34 0.0846764431
9.35 0.0747082904
9.36 0.0647326669
9.37 0.0547505702
9.38 0.0447629985
9.39 0.0347709505
9.40 0.0247754255
9.41 0.0147774229
9.42 0.0047779426
9.43 -0.0052220155
9.44 -0.0152214514
9.45 -0.0252193651
9.46 -0.0352147570
9.47 -0.0452066274
9.48 -0.0551939772
9.49 -0.0651758076
9.50 -0.0751511205
9.51 -0.0851189183
9.52 -0.0950782043
9.53 -0.1050279826
9.54 -0.1149672582
9.55 -0.1248950371
9.56 -0.1348103267
9.57 -0.1447121353
9.58 -0.1545994728
9.59 -0.1644713505
9.60 -0.1743267812
9.61 -0.1841647794
9.62 -0.1939843613
9.63 -0.2037845448
9.64 -0.2135643501
9.65 -0.2233227992
9.66 -0.2330589161
9.67 -0.2427717274
9.68 -0.2524602616
9.69 -0.2621235501
9.70 -0.2717606264
9.71 -0.2813705269
9.72 -0.2909522906
9.73 -0.3005049592
9.74 -0.3100275777
9.75 -0.3195191936
9.76 -0.3289788579
9.77 -0.3384056246
9.78 -0.3477985510
9.79 -0.3571566978
9.80 -0.3664791293
9.81 -0.3757649131
9.82 -0.3850131208
9.83 -0.3942228274
9.84 -0.4033931122
9.85 -0.4125230579
9.86 -0.4216117517
9.87 -0.4306582847
9.88 -0.4396617522
9.89 -0.4486212538
9.90 -0.4575358938
9.91 -0.4664047805
9.92 -0.4752270271
9.93 -0.4840017515
9.94 -0.4927280760
9.95 -0.5014051282
9.96 -0.5100320402
9.97 -0.5186079495
9.98 -0.5271319985
9.99 -0.5356033346
10.00 -0.5440211109
10.01 -0.5523844855
10.02 -0.5606926221
10.03 -0.5689446900
10.04 -0.5771398638
10.05 -0.5852773241
10.06 -0.5933562572
10.07 -0.6013758552
10.08 -0.6093353161
10.09 -0.6172338439
10.10 -0.6250706489
10.11 -0.6328449473
10.12 -0.6405559618
10.13 -0.6482029212
10.14 -0.6557850609
10.15 -0.6633016226
10.16 -0.6707518546
10.17 -0.6781350121
10.18 -0.6854503566
10.19 -0.6926971567
10.20 -0.6998746876
10.21 -0.7069822316
10.22 -0.7140190780
10.23 -0.7209845231
10.24 -0.7278778703
10.25 -0.7346984304
10.26 -0.7414455212
10.27 -0.7481184681
10.28 -0.7547166038
10.29 -0.7612392684
10.30 -0.7676858098
10.31 -0.7740555832
10.32 -0.7803479517
10.33 -0.7865622860
10.34 -0.7926979648
10.35 -0.7987543744
10.36 -0.8047309093
10.37 -0.8106269717
10.38 -0.8164419721
10.39 -0.8221753290
10.40 -0.8278264691
10.41 -0.8333948272
10.42 -0.8388798465
10.43 -0.8442809785
10.44 -0.8495976832
10.45 -0.8548294287
10.46 -0.8599756921
10.47 -0.8650359585
10.48 -0.8700097222
10.49 -0.8748964855
10.50 -0.8796957600
10.51 -0.8844070656
10.52 -0.8890299312
10.53 -0.8935638946
10.54 -0.8980085023
10.55 -0.9023633100
10.56 -0.9066278820
10.57 -0.9108017920
10.58 -0.9148846226
10.59 -0.9188759655
10.60 -0.9227754216
10.61 -0.9265826009
10.62 -0.9302971227
10.63 -0.9339186156
10.64 -0.9374467174
10.65 -0.9408810753
10.66 -0.9442213459
10.67 -0.9474671951
10.68 -0.9506182984
10.69 -0.9536743406
10.70 -0.9566350163
10.71 -0.9595000292
10.72 -0.9622690929
10.73 -0.9649419305
10.74 -0.9675182747
10.75 -0.9699978679
10.76 -0.9723804621
10.77 -0.9746658191
10.78 -0.9768537103
10.79 -0.9789439170
10.80 -0.9809362301
10.81 -0.9828304503
10.82 -0.9846263884
10.83 -0.9863238646
10.84 -0.9879227093
10.85 -0.9894227625
10.86 -0.9908238743
10.87 -0.9921259045
10.88 -0.9933287229
10.89 -0.9944322093
10.90 -0.9954362533
10.91 -0.9963407545
10.92 -0.9971456225
10.93 -0.9978507767
10.94 -0.9984561467
10.95 -0.9989616719
10.96 -0.9993673018
10.97 -0.9996729957
10.98 -0.9998787232
10.99 -0.9999844637
11.00 -0.9999902066
11.01 -0.9998959512
11.02 -0.9997017071
11.03 -0.9994074937
11.04 -0.9990133403
11.05 -0.9985192865
11.06 -0.9979253815
11.07 -0.9972316849
11.08 -0.9964382659
11.09 -0.9955452039
11.10 -0.9945525882
11.11 -0.9934605181
11.12 -0.9922691028
11.13 -0.9909784613
11.14 -0.9895887229
11.15 -0.9881000264
11.16 -0.9865125207
11.17 -0.9848263647
11.18 -0.9830417267
11.19 -0.9811587855
11.20 -0.9791777292
11.21 -0.9770987559
11.22 -0.9749220735
11.23 -0.9726478998
11.24 -0.9702764621
11.25 -0.9678079975
11.26 -0.9652427530
11.27 -0.9625809849
11.28 -0.9598229596
11.29 -0.9569689528
11.30 -0.9540192499
11.31 -0.9509741459
11.32 -0.9478339452
11.33 -0.9445989619
11.34 -0.9412695196
11.35 -0.9378459510
11.36 -0.9343285987
11.37 -0.9307178142
11.38 -0.9270139588
11.39 -0.9232174027
11.40 -0.9193285257
11.41 -0.9153477165
11.42 -0.9112753734
11.43 -0.9071119035
11.44 -0.9028577231
11.45 -0.8985132578
11.46 -0.8940789418
11.47 -0.8895552187
11.48 -0.8849425409
11.49 -0.8802413695
11.50 -0.8754521747
11.51 -0.8705754354
11.52 -0.8656116393
11.53 -0.8605612828
11.54 -0.8554248708
11.55 -0.8502029171
11.56 -0.8448959438
11.57 -0.8395044816
11.58 -0.8340290696
11.59 -0.8284702555
11.60 -0.8228285950
11.61 -0.8171046523
11.62 -0.8112989998
11.63 -0.8054122182
11.64 -0.7994448959
11.65 -0.7933976299
11.66 -0.7872710247
11.67 -0.7810656931
11.68 -0.7747822556
11.69 -0.7684213405
11.70 -0.7619835839
11.71 -0.7554696296
11.72 -0.7488801290
11.73 -0.7422157409
11.74 -0.7354771319
11.75 -0.7286649758
11.76 -0.7217799538
11.77 -0.7148227545
11.78 -0.7077940734
11.79 -0.7006946135
11.80 -0.6935250848
11.81 -0.6862862041
11.82 -0.6789786954
11.83 -0.6716032893
11.84 -0.6641607235
11.85 -0.6566517422
11.86 -0.6490770962
11.87 -0.6414375431
11.88 -0.6337338468
11.89 -0.6259667776
11.90 -0.6181371122
11.91 -0.6102456337
11.92 -0.6022931311
11.93 -0.5942803997
11.94 -0.5862082407
11.95 -0.5780774614
11.96 -0.5698888749
11.97 -0.5616432999
11.98 -0.5533415611
11.99 -0.5449844885
12.00 -0.5365729180
12.01 -0.5281076906
12.02 -0.5195896529
12.03 -0.5110196567
12.04 -0.5023985589
12.05 -0.4937272217
12.06 -0.4850065122
12.07 -0.4762373024
12.08 -0.4674204694
12.09 -0.4585568946
12.10 -0.4496474645
12.11 -0.4406930701
12.12 -0.4316946067
12.13 -0.4226529743
12.14 -0.4135690768
12.15 -0.4044438228
12.16 -0.3952781248
12.17 -0.3860728993
12.18 -0.3768290668
12.19 -0.3675475518
12.20 -0.3582292822
12.21 -0.3488751901
12.22 -0.3394862107
12.23 -0.3300632830
12.24 -0.3206073492
12.25 -0.3111193550
12.26 -0.3016002491
12.27 -0.2920509834
12.28 -0.2824725128
12.29 -0.2728657953
12.30 -0.2632317914
12.31 -0.2535714645
12.32 -0.2438857807
12.33 -0.2341757085
12.34 -0.2244422190
12.35 -0.2146862854
12.36 -0.2049088833
12.37 -0.1951109906
12.38 -0.1852935869
12.39 -0.1754576540
12.40 -0.1656041754
12.41 -0.1557341367
12.42 -0.1458485246
12.43 -0.1359483278
12.44 -0.1260345362
12.45 -0.1161081413
12.46 -0.1061701357
12.47 -0.0962215132
12.48 -0.0862632686
12.49 -0.0762963978
12.50 -0.0663218974
12.51 -0.0563407648
12.52 -0.0463539982
12.53 -0.0363625963
12.54 -0.0263675581
12.55 -0.0163698832
12.56 -0.0063705713
12.57 0.0036293777
12.58 0.0136289637
12.59 0.0236271868
12.60 0.0336230472
12.61 0.0436155454
12.62 0.0536036820
12.63 0.0635864583
12.64 0.0735628760
12.65 0.0835319375
12.66 0.0934926459
12.67 0.1034440050
12.68 0.1133850199
12.69 0.1233146963
12.70 0.1332320414
12.71 0.1431360634
12.72 0.1530257719
12.73 0.1629001780
12.74 0.1727582941
12.75 0.1825991346
12.76 0.1924217154
12.77 0.2022250541
12.78 0.2120081705
12.79 0.2217700862
12.80 0.2315098251
12.81 0.2412264132
12.82 0.2509188789
12.83 0.2605862529
12.84 0.2702275685
12.85 0.2798418616
12.86 0.2894281707
12.87 0.2989855372
12.88 0.3085130055
12.89 0.3180096226
12.90 0.3274744391
12.91 0.3369065085
12.92 0.3463048874
12.93 0.3556686362
12.94 0.3649968183
12.95 0.3742885011
12.96 0.3835427554
12.97 0.3927586557
12.98 0.4019352805
12.99 0.4110717121
13.00 0.4201670368
13.01 0.4292203452
13.02 0.4382307319
13.03 0.4471972960
13.04 0.4561191406
13.05 0.4649953737
13.06 0.4738251077
13.07 0.4826074596
13.08 0.4913415511
13.09 0.5000265088
13.10 0.5086614644
13.11 0.5172455542
13.12 0.5257779199
13.13 0.5342577082
13.14 0.5426840712
13.15 0.5510561663
13.16 0.5593731561
13.17 0.5676342092
13.18 0.5758384993
13.19 0.5839852060
13.20 0.5920735147
13.21 0.6001026165
13.22 0.6080717086
13.23 0.6159799940
13.24 0.6238266819
13.25 0.6316109877
13.26 0.6393321329
13.27 0.6469893454
13.28 0.6545818596
13.29 0.6621089161
13.30 0.6695697622
13.31 0.6769636519
13.32 0.6842898458
13.33 0.6915476114
13.34 0.6987362227
13.35 0.7058549610
13.36 0.7129031144
13.37 0.7198799780
13.38 0.7267848543
13.39 0.7336170527
13.40 0.7403758900
13.41 0.7470606903
13.42 0.7536707851
13.43 0.7602055136
13.44 0.7666642221
13.45 0.7730462648
13.46 0.7793510035
13.47 0.7855778078
13.48 0.7917260550
13.49 0.7977951302
13.50 0.8037844266
13.51 0.8096933451
13.52 0.8155212951
13.53 0.8212676936
13.54 0.8269319660
13.55 0.8325135459
13.56 0.8380118751
13.57 0.8434264038
13.58 0.8487565906
13.59 0.8540019025
13.60 0.8591618149
13.61 0.8642358118
13.62 0.8692233858
13.63 0.8741240382
13.64 0.8789372790
13.65 0.8836626268
13.66 0.8882996090
13.67 0.8928477620
13.68 0.8973066310
13.69 0.9016757701
13.70 0.9059547423
13.71 0.9101431198
13.72 0.9142404838
13.73 0.9182464245
13.74 0.9221605413
13.75 0.9259824428
13.76 0.9297117469
13.77 0.9333480805
13.78 0.9368910801
13.79 0.9403403914
13.80 0.9436956694
13.81 0.9469565787
13.82 0.9501227931
13.83 0.9531939960
13.84 0.9561698803
13.85 0.9590501484
13.86 0.9618345123
13.87 0.9645226935
13.88 0.9671144233
13.89 0.9696094424
13.90 0.9720075014
13.91 0.9743083605
13.92 0.9765117895
13.93 0.9786175682
13.94 0.9806254859
13.95 0.9825353419
13.96 0.9843469452
13.97 0.9860601146
13.98 0.9876746788
13.99 0.9891904763
14.00 0.9906073557
14.01 0.9919251751
14.02 0.9931438029
14.03 0.9942631171
14.04 0.9952830058
14.05 0.9962033670
14.06 0.9970241088
14.07 0.9977451489
14.08 0.9983664154
14.09 0.9988878460
14.10 0.9993093887
14.11 0.9996310013
14.12 0.9998526517
14.13 0.9999743176
14.14 0.9999959869
14.15 0.9999176574
14.16 0.9997393370
14.17 0.9994610435
14.18 0.9990828048
14.19 0.9986046586
14.20 0.9980266527
14.21 0.9973488450
14.22 0.9965713033
14.23 0.9956941053
14.24 0.9947173387
14.25 0.9936411011
14.26 0.9924655003
14.27 0.9911906538
14.28 0.9898166890
14.29 0.9883437434
14.30 0.9867719643
14.31 0.9851015087
14.32 0.9833325439
14.33 0.9814652466
14.34 0.9794998036
14.35 0.9774364114
14.36 0.9752752764
14.37 0.9730166147
14.38 0.9706606521
14.39 0.9682076243
14.40 0.9656577765
14.41 0.9630113638
14.42 0.9602686507
14.43 0.9574299116
14.44 0.9544954302
14.45 0.9514655002
14.46 0.9483404243
14.47 0.9451205152
14.48 0.9418060949
14.49 0.9383974947
14.50 0.9348950555
14.51 0.9312991276
14.52 0.9276100706
14.53 0.9238282534
14.54 0.9199540541
14.55 0.9159878601
14.56 0.9119300682
14.57 0.9077810840
14.58 0.9035413224
14.59 0.8992112075
14.60 0.8947911721
14.61 0.8902816585
14.62 0.8856831173
14.63 0.8809960087
14.64 0.8762208011
14.65 0.8713579722
14.66 0.8664080082
14.67 0.8613714042
14.68 0.8562486637
14.69 0.8510402991
14.70 0.8457468311
14.71 0.8403687892
14.72 0.8349067111
14.73 0.8293611430
14.74 0.8237326395
14.75 0.8180217635
14.76 0.8122290859
14.77 0.8063551861
14.78 0.8004006514
14.79 0.7943660774
14.80 0.7882520674
14.81 0.7820592328
14.82 0.7757881930
14.83 0.7694395750
14.84 0.7630140137
14.85 0.7565121516
14.86 0.7499346390
14.87 0.7432821335
14.88 0.7365553004
14.89 0.7297548124
14.90 0.7228813495
14.91 0.7159355991
14.92 0.7089182557
14.93 0.7018300211
14.94 0.6946716041
14.95 0.6874437205
14.96 0.6801470931
14.97 0.6727824515
14.98 0.6653505323
14.99 0.6578520786
15.00 0.6502878402
15.01 0.6426585735
15.02 0.6349650416
15.03 0.6272080136
15.04 0.6193882654
15.05 0.6115065789
15.06 0.6035637422
15.07 0.5955605497
15.08 0.5874978016
15.09 0.5793763042
15.10 0.5711968697
15.11 0.5629603159
15.12 0.5546674666
15.13 0.5463191510
15.14 0.5379162039
15.15 0.5294594657
15.16 0.5209497820
15.17 0.5123880037
15.18 0.5037749871
15.19 0.4951115933
15.20 0.4863986889
15.21 0.4776371449
15.22 0.4688278377
15.23 0.4599716480
15.24 0.4510694616
15.25 0.4421221686
15.26 0.4331306637
15.27 0.4240958462
15.28 0.4150186194
15.29 0.4058998911
15.30 0.3967405731
15.31 0.3875415815
15.32 0.3783038359
15.33 0.3690282604
15.34 0.3597157823
15.35 0.3503673329
15.36 0.3409838470
15.37 0.3315662631
15.38 0.3221155229
15.39 0.3126325713
15.40 0.3031183567
15.41 0.2935738306
15.42 0.2839999473
15.43 0.2743976643
15.44 0.2647679417
15.45 0.2551117426
15.46 0.2454300325
15.47 0.2357237796
15.48 0.2259939545
15.49 0.2162415302
15.50 0.2064674819
15.51 0.1966727871
15.52 0.1868584251
15.53 0.1770253775
15.54 0.1671746275
15.55 0.1573071601
15.56 0.1474239622
15.57 0.1375260220
15.58 0.1276143292
15.59 0.1176898752
15.60 0.1077536523
15.61 0.0978066541
15.62 0.0878498753
15.63 0.0778843116
15.64 0.0679109596
15.65 0.0579308165
15.66 0.0479448803
15.67 0.0379541498
15.68 0.0279596238
15.69 0.0179623019
15.70 0.0079631838
15.71 -0.0020367306
15.72 -0.0120364414
15.73 -0.0220349485
15.74 -0.0320312522
15.75 -0.0420243527
15.76 -0.0520132509
15.77 -0.0619969477
15.78 -0.0719744450
15.79 -0.0819447448
15.80 -0.0919068502
15.81 -0.1018597651
15.82 -0.1118024940
15.83 -0.1217340428
15.84 -0.1316534182
15.85 -0.1415596285
15.86 -0.1514516829
15.87 -0.1613285922
15.88 -0.1711893689
15.89 -0.1810330267
15.90 -0.1908585814
15.91 -0.2006650504
15.92 -0.2104514530
15.93 -0.2202168107
15.94 -0.2299601469
15.95 -0.2396804872
15.96 -0.2493768597
15.97 -0.2590482948
15.98 -0.2686938252
15.99 -0.2783124864
16.00 -0.2879033167
16.01 -0.2974653568
16.02 -0.3069976507
16.03 -0.3164992450
16.04 -0.3259691897
16.05 -0.3354065378
16.06 -0.3448103454
16.07 -0.3541796723
16.08 -0.3635135816
16.09 -0.3728111398
16.10 -0.3820714172
16.11 -0.3912934878
16.12 -0.4004764293
16.13 -0.4096193235
16.14 -0.4187212562
16.15 -0.4277813170
16.16 -0.4367986001
16.17 -0.4457722037
16.18 -0.4547012305
16.19 -0.4635847875
16.20 -0.4724219864
16.21 -0.4812119435
16.22 -0.4899537798
16.23 -0.4986466212
16.24 -0.5072895983
16.25 -0.5158818468
16.26 -0.5244225076
16.27 -0.5329107266
16.28 -0.5413456550
16.29 -0.5497264492
16.30 -0.5580522713
16.31 -0.5663222886
16.32 -0.5745356741
16.33 -0.5826916066
16.34 -0.5907892704
16.35 -0.5988278557
16.36 -0.6068065588
16.37 -0.6147245817
16.38 -0.6225811326
16.39 -0.6303754260
16.40 -0.6381066823
16.41 -0.6457741286
16.42 -0.6533769979
16.43 -0.6609145301
16.44 -0.6683859714
16.45 -0.6757905746
16.46 -0.6831275994
16.47 -0.6903963119
16.48 -0.6975959854
16.49 -0.7047258999
16.50 -0.7117853424
16.51 -0.7187736069
16.52 -0.7256899947
16.53 -0.7325338141
16.54 -0.7393043807
16.55 -0.7460010175
16.56 -0.7526230548
16.57 -0.7591698304
16.58 -0.7656406897
16.59 -0.7720349855
16.60 -0.7783520785
16.61 -0.7845913370
16.62 -0.7907521369
16.63 -0.7968338623
16.64 -0.8028359050
16.65 -0.8087576648
16.66 -0.8145985494
16.67 -0.8203579749
16.68 -0.8260353653
16.69 -0.8316301528
16.70 -0.8371417780
16.71 -0.8425696897
16.72 -0.8479133452
16.73 -0.8531722100
16.74 -0.8583457583
16.75 -0.8634334728
16.76 -0.8684348446
16.77 -0.8733493737
16.78 -0.8781765686
16.79 -0.8829159465
16.80 -0.8875670336
16.81 -0.8921293647
16.82 -0.8966024836
16.83 -0.9009859430
16.84 -0.9052793046
16.85 -0.9094821390
16.86 -0.9135940260
16.87 -0.9176145543
16.88 -0.9215433219
16.89 -0.9253799359
16.90 -0.9291240127
16.91 -0.9327751779
16.92 -0.9363330664
16.93 -0.9397973223
16.94 -0.9431675993
16.95 -0.9464435603
16.96 -0.9496248777
16.97 -0.9527112335
16.98 -0.9557023189
16.99 -0.9585978349
17.00 -0.9613974919
17.01 -0.9641010099
17.02 -0.9667081187
17.03 -0.9692185574
17.04 -0.9716320751
17.05 -0.9739484304
17.06 -0.9761673917
17.07 -0.9782887370
17.08 -0.9803122543
17.09 -0.9822377412
17.10 -0.9840650051
17.11 -0.9857938633
17.12 -0.9874241430
17.13 -0.9889556811
17.14 -0.9903883244
17.15 -0.9917219297
17.16 -0.9929563637
17.17 -0.9940915029
17.18 -0.9951272337
17.19 -0.9960634526
17.20 -0.9969000660
17.21 -0.9976369903
17.22 -0.9982741517
17.23 -0.9988114865
17.24 -0.9992489409
17.25 -0.9995864714
17.26 -0.9998240440
17.27 -0.9999616350
17.28 -0.9999992307
17.29 -0.9999368273
17.30 -0.9997744311
17.31 -0.9995120582
17.32 -0.9991497350
17.33 -0.9986874976
17.34 -0.9981253924
17.35 -0.9974634754
17.36 -0.9967018129
17.37 -0.9958404810
17.38 -0.9948795660
17.39 -0.9938191638
17.40 -0.9926593805
17.41 -0.9914003321
17.42 -0.9900421445
17.43 -0.9885849535
17.44 -0.9870289048
17.45 -0.9853741541
17.46 -0.9836208667
17.47 -0.9817692182
17.48 -0.9798193935
17.49 -0.9777715876
17.50 -0.9756260055
17.51 -0.9733828615
17.52 -0.9710423801
17.53 -0.9686047952
17.54 -0.9660703507
17.55 -0.9634392999
17.56 -0.9607119061
17.57 -0.9578884418
17.58 -0.9549691895
17.59 -0.9519544410
17.60 -0.9488444979
17.61 -0.9456396712
17.62 -0.9423402812
17.63 -0.9389466581
17.64 -0.9354591410
17.65 -0.9318780788
17.66 -0.9282038296
17.67 -0.9244367607
17.68 -0.9205772490
17.69 -0.9166256803
17.70 -0.9125824498
17.71 -0.9084479618
17.72 -0.9042226298
17.73 -0.8999068762
17.74 -0.8955011328
17.75 -0.8910058399
17.76 -0.8864214472
17.77 -0.8817484132
17.78 -0.8769872050
17.79 -0.8721382988
17.80 -0.8672021795
17.81 -0.8621793407
17.82 -0.8570702847
17.83 -0.8518755224
17.84 -0.8465955732
17.85 -0.8412309652
17.86 -0.8357822348
17.87 -0.8302499269
17.88 -0.8246345947
17.89 -0.8189367997
17.90 -0.8131571117
17.91 -0.8072961086
17.92 -0.8013543767
17.93 -0.7953325099
17.94 -0.7892311106
17.95 -0.7830507888
17.96 -0.7767921626
17.97 -0.7704558578
17.98 -0.7640425081
17.99 -0.7575527548
18.00 -0.7509872468
18.01 -0.7443466407
18.02 -0.7376316006
18.03 -0.7308427979
18.04 -0.7239809116
18.05 -0.7170466277
18.06 -0.7100406398
18.07 -0.7029636485
18.08 -0.6958163613
18.09 -0.6885994931
18.10 -0.6813137656
18.11 -0.6739599072
18.12 -0.6665386534
18.13 -0.6590507462
18.14 -0.6514969346
18.15 -0.6438779738
18.16 -0.6361946257
18.17 -0.6284476587
18.18 -0.6206378475
18.19 -0.6127659730
18.20 -0.6048328224
18.21 -0.5968391890
18.22 -0.5887858723
18.23 -0.5806736774
18.24 -0.5725034156
18.25 -0.5642759040
18.26 -0.5559919652
18.27 -0.5476524277
18.28 -0.5392581254
18.29 -0.5308098978
18.30 -0.5223085896
18.31 -0.5137550510
18.32 -0.5051501373
18.33 -0.4964947091
18.34 -0.4877896317
18.35 -0.4790357758
18.36 -0.4702340168
18.37 -0.4613852347
18.38 -0.4524903145
18.39 -0.4435501456
18.40 -0.4345656221
18.41 -0.4255376424
18.42 -0.4164671092
18.43 -0.4073549297
18.44 -0.3982020151
18.45 -0.3890092806
18.46 -0.3797776455
18.47 -0.3705080329
18.48 -0.3612013698
18.49 -0.3518585869
18.50 -0.3424806185
18.51 -0.3330684022
18.52 -0.3236228794
18.53 -0.3141449946
18.54 -0.3046356956
18.55 -0.2950959332
18.56 -0.2855266615
18.57 -0.2759288373
18.58 -0.2663034205
18.59 -0.2566513736
18.60 -0.2469736617
18.61 -0.2372712527
18.62 -0.2275451168
18.63 -0.2177962265
18.64 -0.2080255568
18.65 -0.1982340848
18.66 -0.1884227894
18.67 -0.1785926520
18.68 -0.1687446554
18.69 -0.1588797845
18.70 -0.1489990258
18.71 -0.1391033673
18.72 -0.1291937986
18.73 -0.1192713106
18.74 -0.1093368955
18.75 -0.0993915469
18.76 -0.0894362592
18.77 -0.0794720279
18.78 -0.0694998495
18.79 -0.0595207212
18.80 -0.0495356409
18.81 -0.0395456070
18.82 -0.0295516186
18.83 -0.0195546751
18.84 -0.0095557761
18.85 0.0004440784
18.86 0.0104438886
18.87 0.0204426544
18.88 0.0304393759
18.89 0.0404330535
18.90 0.0504226878
18.91 0.0604072799
18.92 0.0703858313
18.93 0.0803573442
18.94 0.0903208215
18.95 0.1002752667
18.96 0.1102196845
18.97 0.1201530804
18.98 0.1300744611
18.99 0.1399828345
19.00 0.1498772097
19.01 0.1597565973
19.02 0.1696200093
19.03 0.1794664596
19.04 0.1892949633
19.05 0.1991045376
19.06 0.2088942017
19.07 0.2186629766
19.08 0.2284098853
19.09 0.2381339532
19.10 0.2478342080
19.11 0.2575096795
19.12 0.2671594003
19.13 0.2767824053
19.14 0.2863777324
19.15 0.2959444219
19.16 0.3054815172
19.17 0.3149880646
19.18 0.3244631135
19.19 0.3339057163
19.20 0.3433149288
19.21 0.3526898101
19.22 0.3620294228
19.23 0.3713328328
19.24 0.3805991098
19.25 0.3898273272
19.26 0.3990165623
19.27 0.4081658960
19.28 0.4172744134
19.29 0.4263412038
19.30 0.4353653604
19.31 0.4443459808
19.32 0.4532821670
19.33 0.4621730253
19.34 0.4710176668
19.35 0.4798152068
19.36 0.4885647658
19.37 0.4972654686
19.38 0.5059164454
19.39 0.5145168309
19.40 0.5230657652
19.41 0.5315623933
19.42 0.5400058656
19.43 0.5483953378
19.44 0.5567299709
19.45 0.5650089315
19.46 0.5732313916
19.47 0.5813965291
19.48 0.5895035275
19.49 0.5975515759
19.50 0.6055398697
19.51 0.6134676100
19.52 0.6213340041
19.53 0.6291382653
19.54 0.6368796132
19.55 0.6445572736
19.56 0.6521704789
19.57 0.6597184677
19.58 0.6672004851
19.59 0.6746157831
19.60 0.6819636201
19.61 0.6892432612
19.62 0.6964539786
19.63 0.7035950512
19.64 0.7106657649
19.65 0.7176654126
19.66 0.7245932943
19.67 0.7314487174
19.68 0.7382309961
19.69 0.7449394524
19.70 0.7515734154
19.71 0.7581322216
19.72 0.7646152152
19.73 0.7710217480
19.74 0.7773511792
19.75 0.7836028760
19.76 0.7897762131
19.77 0.7958705733
19.78 0.8018853470
19.79 0.8078199329
19.80 0.8136737375
19.81 0.8194461754
19.82 0.8251366693
19.83 0.8307446503
19.84 0.8362695575
19.85 0.8417108384
19.86 0.8470679490
19.87 0.8523403535
19.88 0.8575275246
19.89 0.8626289437
19.90 0.8676441006
19.91 0.8725724939
19.92 0.8774136306
19.93 0.8821670267
19.94 0.8868322068
19.95 0.8914087044
19.96 0.8958960620
19.97 0.9002938306
19.98 0.9046015706
19.99 0.9088188512
20.00 0.9129452507